0 1 06:02:33 30. 01. 22 
0 1 06:07:48 30. 01. 22 
0 1 06:12:56 30. 01. 22 
0 1 06:18:05 30. 01. 22 
0 1 06:23:13 30. 01. 22 
0 1 06:28:23 30. 01. 22 
0 1 06:33:31 30. 01. 22 
0 1 06:38:39 30. 01. 22 
0 1 06:43:48 30. 01. 22 
0 1 06:48:56 30. 01. 22 
0 1 06:54:05 30. 01. 22 
0 1 06:59:13 30. 01. 22 
0 1 07:04:22 30. 01. 22 
0 1 07:09:30 30. 01. 22 
0 1 07:14:42 30. 01. 22 
0 1 07:19:50 30. 01. 22 
0 1 07:24:59 30. 01. 22 
0 1 07:30:07 30. 01. 22 
0 1 07:35:16 30. 01. 22 
0 1 07:40:25 30. 01. 22 
0 1 07:45:35 30. 01. 22 
0 1 07:50:43 30. 01. 22 
0 1 07:55:53 30. 01. 22 
14 1 08:01:02 30. 01. 22 
26 1 08:06:11 30. 01. 22 
38 1 08:11:20 30. 01. 22 
31 1 08:16:28 30. 01. 22 
41 1 08:21:37 30. 01. 22 
45 1 08:26:46 30. 01. 22 
52 1 08:31:55 30. 01. 22 
50 1 08:37:04 30. 01. 22 
66 1 08:47:21 30. 01. 22 
66 1 08:52:30 30. 01. 22 
67 1 08:57:38 30. 01. 22 
77 1 09:02:47 30. 01. 22 
81 1 09:07:56 30. 01. 22 
121 1 09:13:05 30. 01. 22 
102 1 09:18:13 30. 01. 22 
88 1 09:23:22 30. 01. 22 
103 1 09:28:31 30. 01. 22 
121 1 09:33:39 30. 01. 22 
63 1 09:38:48 30. 01. 22 
107 1 09:43:57 30. 01. 22 
103 1 09:49:05 30. 01. 22 
101 1 09:54:14 30. 01. 22 
114 1 09:59:23 30. 01. 22 
1 10:34:04 30. 01. 22 854
1 10:39:14 30. 01. 22 869
1 10:44:23 30. 01. 22 1050.0
1 10:49:35 30. 01. 22 1090.0
1 10:54:44 30. 01. 22 1430.0
1 10:59:53 30. 01. 22 1660.0
1 11:06:30 30. 01. 22 2230
1 11:11:39 30. 01. 22 2450
1 11:16:48 30. 01. 22 2530
1 11:21:57 30. 01. 22 2840
1 11:27:07 30. 01. 22 2460
1 11:37:28 30. 01. 22 2660
1 11:42:37 30. 01. 22 2690
1 11:47:46 30. 01. 22 2760
1 11:52:56 30. 01. 22 2750
1 12:03:39 30. 01. 22 2720
1 12:08:47 30. 01. 22 2680
1 12:13:57 30. 01. 22 2660
1 12:19:07 30. 01. 22 2580
1 12:24:17 30. 01. 22 2520
1 12:29:26 30. 01. 22 2510
1 12:34:35 30. 01. 22 2580
1 12:39:45 30. 01. 22 2500
1 12:44:58 30. 01. 22 2630
1 12:50:08 30. 01. 22 2710
1 12:55:17 30. 01. 22 2690
1 13:00:27 30. 01. 22 2650
1 13:05:37 30. 01. 22 2620
1 13:10:46 30. 01. 22 2160
1 13:15:57 30. 01. 22 2120
1 13:21:06 30. 01. 22 1370
1 13:26:16 30. 01. 22 1140
1 13:31:25 30. 01. 22 842
1 13:36:34 30. 01. 22 781
1 13:41:43 30. 01. 22 522
1 13:46:52 30. 01. 22 592
1 13:52:01 30. 01. 22 583
1 13:57:19 30. 01. 22 581
1 14:02:29 30. 01. 22 531
1 14:07:39 30. 01. 22 1120
1 14:12:49 30. 01. 22 1070
1 14:17:59 30. 01. 22 1280
1 14:23:12 30. 01. 22 1680
1 14:28:20 30. 01. 22 1750
1 14:33:29 30. 01. 22 1740
1 14:38:38 30. 01. 22 2230
1 14:43:50 30. 01. 22 2200
1 14:48:58 30. 01. 22 2130
1 14:54:08 30. 01. 22 1940
1 15:04:25 30. 01. 22 1610
1 15:09:34 30. 01. 22 1360
1 15:14:43 30. 01. 22 1310
1 15:19:52 30. 01. 22 1220
1 15:25:01 30. 01. 22 799
1 15:30:09 30. 01. 22 576
1 15:35:19 30. 01. 22 149
0 15:40:28 30. 01. 22 65
0 15:45:38 30. 01. 22 57
0 15:50:47 30. 01. 22 51
0 15:55:59 30. 01. 22 49
0 16:01:08 30. 01. 22 43
0 16:06:18 30. 01. 22 38
0 16:11:27 30. 01. 22 38
0 16:16:37 30. 01. 22 35
0 16:21:47 30. 01. 22 25
0 16:26:56 30. 01. 22 26
0 16:32:05 30. 01. 22 17
0 16:37:14 30. 01. 22 0
0 16:42:23 30. 01. 22 0
0 16:47:36 30. 01. 22 0
0 16:52:46 30. 01. 22 0
