0 15:08:25 31. 01. 22 682
0 16:03:52 31. 01. 22 150
0 16:09:19 31. 01. 22 163
0 16:14:28 31. 01. 22 136
0 16:19:37 31. 01. 22 113
0 16:24:46 31. 01. 22 89
0 16:29:54 31. 01. 22 66
0 16:35:04 31. 01. 22 47
0 16:40:12 31. 01. 22 27
0 16:45:28 31. 01. 22 0
0 16:50:36 31. 01. 22 0
0 20:13:42 31. 01. 22 0
0 20:18:53 31. 01. 22 0
0 20:24:01 31. 01. 22 0
0 20:29:09 31. 01. 22 0
0 20:34:17 31. 01. 22 0
0 20:39:26 31. 01. 22 0
0 20:44:34 31. 01. 22 0
0 22:15:19 31. 01. 22 0
0 22:20:31 31. 01. 22 0
0 22:25:39 31. 01. 22 0
0 22:30:47 31. 01. 22 0
0 22:41:19 31. 01. 22 0
0 22:46:27 31. 01. 22 0
0 22:51:36 31. 01. 22 0
0 22:56:44 31. 01. 22 0
