0 09:35:20 22. 04. 22 634
0 09:40:56 22. 04. 22 645
0 09:46:05 22. 04. 22 695
0 09:51:15 22. 04. 22 585
0 09:56:23 22. 04. 22 573
0 10:01:33 22. 04. 22 458
5 10:02:25 22. 04. 22 464
5 10:07:34 22. 04. 22 466
5 10:12:43 22. 04. 22 411
5 10:17:52 22. 04. 22 479
5 10:23:01 22. 04. 22 550
5 10:28:10 22. 04. 22 567
5 10:33:19 22. 04. 22 556
5 10:38:28 22. 04. 22 527
5 10:43:37 22. 04. 22 651
5 10:48:46 22. 04. 22 611
5 10:53:56 22. 04. 22 495
5 10:59:05 22. 04. 22 447
5 11:04:14 22. 04. 22 446
5 11:09:23 22. 04. 22 659
5 11:14:32 22. 04. 22 829
5 11:24:49 22. 04. 22 951
5 11:28:04 22. 04. 22 884
5 11:30:18 22. 04. 22 868
5 11:35:26 22. 04. 22 782
5 11:40:35 22. 04. 22 856
5 11:45:44 22. 04. 22 1080
5 11:50:53 22. 04. 22 1170
5 14:50:40 22. 04. 22 218
5 14:55:54 22. 04. 22 179
5 15:01:03 22. 04. 22 178
5 15:06:15 22. 04. 22 248
5 15:11:23 22. 04. 22 166
5 15:16:32 22. 04. 22 175
5 15:52:57 22. 04. 22 642
5 15:58:07 22. 04. 22 595
5 16:29:21 22. 04. 22 467
5 16:34:31 22. 04. 22 524
5 16:39:41 22. 04. 22 538
5 16:44:49 22. 04. 22 586
5 16:50:00 22. 04. 22 791
5 16:55:09 22. 04. 22 879
5 17:00:18 22. 04. 22 996
5 17:05:27 22. 04. 22 1180
5 17:10:35 22. 04. 22 995
5 17:15:44 22. 04. 22 912
5 17:20:53 22. 04. 22 875
5 21:15:16 22. 04. 22 0
5 21:20:32 22. 04. 22 0
5 21:25:46 22. 04. 22 0
5 21:30:59 22. 04. 22 0
5 21:36:12 22. 04. 22 0
5 21:41:22 22. 04. 22 0
5 21:46:32 22. 04. 22 0
5 21:51:54 22. 04. 22 0
5 21:57:15 22. 04. 22 0
5 22:02:25 22. 04. 22 0
5 22:07:35 22. 04. 22 0
5 22:12:46 22. 04. 22 0
